root 0.492463 0.551574 0.0200628 -1
1 0.493421 0.620502 0.0135147 0 
2 0.495341 0.68988 0.0120671 1 
3 0.496724 0.759767 0.013702 2 
4 0.390514 0.806295 0 3 
5 0.213014 0.806295 0 4 
6 0.0963881 0.806295 0 5 
7 0.0380751 0.806295 0 6 
8 0.0208204 0.806295 0.0172546 7 
9 0.0169952 0.806295 0 7 
10 0 0.806295 0 9 
11 0.610581 0.800432 0.00316391 3 
12 0.779314 0.800432 0.00316391 11 
13 0.897274 0.800432 0.00316391 12 
14 0.956253 0.800432 0.00316391 13 
15 0.976078 0.800432 0.0229888 14 
16 0.980473 0.800432 0.00316391 14 
17 1 0.800432 0.00316391 16 
18 0.49489 0.818898 0.0195269 3 
19 0.498414 0.878541 0.0153289 18 
20 0.499674 0.938491 0.0132155 19 
21 0.448256 0.490804 0.0484826 0 
22 0.362162 0.254262 0.0484826 21 
23 0.275196 0.0153254 0.0484826 22 
24 0.269618 0 0.128503 23 
25 0.269618 0 0.169503 24 
26 0.538619 0.490804 0.0484826 0 
27 0.621516 0.263046 0.0484826 26 
28 0.708277 0.024673 0.0484826 27 
29 0.713615 0.0100073 0.127128 28 
30 0.713615 0.0100073 0.167412 29 
